2.776921319309622049e-04
8.040901739150285721e-04
8.784587262198328972e-04
1.234410447068512440e-03
1.589303719811141491e-03
1.727915019728243351e-03
2.093329327180981636e-03
2.039835089817643166e-03
3.309552324935793877e-03
3.069958183914422989e-03
3.314581699669361115e-03
8.970431517809629440e-04
2.331474097445607185e-03
3.332743421196937561e-03
4.745771642774343491e-03
6.643381435424089432e-03
2.487624995410442352e-03
2.613328630104660988e-03
4.825170151889324188e-03
8.241540752351284027e-03
6.585923489183187485e-03
9.565134532749652863e-03
9.963837452232837677e-03
1.043396815657615662e-02
1.363263465464115143e-02
1.209942251443862915e-02
1.127929612994194031e-02
6.508652586489915848e-03
1.049886085093021393e-02
1.579780504107475281e-02
8.854721672832965851e-03
7.348237093538045883e-03
4.092020448297262192e-03
1.229823753237724304e-02
1.059878268279135227e-03
1.414792425930500031e-02
5.497146863490343094e-03
1.758339814841747284e-02
1.470688078552484512e-02
1.270770747214555740e-02
1.983107440173625946e-02
4.228976089507341385e-03
3.182439599186182022e-03
7.843585684895515442e-03
2.379757538437843323e-02
7.847980596125125885e-03
2.043592557311058044e-02
2.209182642400264740e-02
2.382591553032398224e-02
8.314571343362331390e-03
2.677111327648162842e-02
2.156418934464454651e-02
1.348431967198848724e-02
2.400266937911510468e-02
2.861424162983894348e-02
1.441589370369911194e-02
7.991817593574523926e-02
3.370905295014381409e-02
2.028979919850826263e-02
2.513089403510093689e-02
3.544409200549125671e-02
3.760791942477226257e-02
2.917788736522197723e-02
3.736557066440582275e-02
1.770240440964698792e-02
4.359812289476394653e-02
4.428190737962722778e-02
6.050411611795425415e-02
3.646824508905410767e-02
7.586774416267871857e-03
4.699350148439407349e-02
3.392529860138893127e-02
3.023130260407924652e-02
5.048207938671112061e-02
2.795979566872119904e-02
2.562555111944675446e-02
3.548622503876686096e-02
4.517105594277381897e-02
4.422802012413740158e-03
7.234849035739898682e-02
3.484477847814559937e-02
6.606853008270263672e-02
4.017809033393859863e-02
6.537266075611114502e-02
1.887346990406513214e-02
2.299136482179164886e-02
6.153980642557144165e-02
8.064961433410644531e-02
3.219878301024436951e-02
3.878673538565635681e-02
3.576185554265975952e-02
3.648839145898818970e-02
5.606560036540031433e-02
1.963457465171813965e-02
7.321321964263916016e-02
7.300732284784317017e-02
6.449561566114425659e-02
5.339787155389785767e-02
8.500217646360397339e-02
6.183078885078430176e-02
6.446885317564010620e-02
7.442019134759902954e-02
5.882246047258377075e-02
3.583636507391929626e-02
3.139349818229675293e-02
4.245238751173019409e-02
3.602281585335731506e-02
4.087299853563308716e-02
3.379097580909729004e-02
8.810896426439285278e-02
8.738466352224349976e-02
3.287055343389511108e-02
6.701389700174331665e-02
1.506775766611099243e-01
6.981980055570602417e-02
9.254129976034164429e-02
6.383903324604034424e-02
8.672689087688922882e-03
4.264717176556587219e-02
9.782008826732635498e-02
5.530002713203430176e-02
4.695662483572959900e-02
1.967754960060119629e-02
1.051763165742158890e-02
7.590293884277343750e-02
1.120885834097862244e-02
4.449933394789695740e-02
1.208089012652635574e-02
1.485975533723831177e-01
8.447831124067306519e-02
7.346574217081069946e-02
6.421319395303726196e-02
1.118169799447059631e-01
1.117091849446296692e-01
8.524865657091140747e-02
2.019192650914192200e-02
7.282742857933044434e-02
1.022059321403503418e-01
3.116090297698974609e-01
1.534502059221267700e-01
9.528110921382904053e-02
6.596031039953231812e-02
5.561157688498497009e-02
9.266599267721176147e-02
1.141107529401779175e-01
1.514614839106798172e-02
6.743733584880828857e-02
3.301409482955932617e-01
7.174955308437347412e-02
1.458939015865325928e-01
1.175373122096061707e-01
6.827845573425292969e-01
8.757418394088745117e-02
7.933493703603744507e-02
5.505872517824172974e-02
1.317938417196273804e-01
1.045373901724815369e-01
1.314055472612380981e-01
6.252211332321166992e-02
1.511049270629882812e-01
9.598425030708312988e-02
8.083760738372802734e-02
1.198565140366554260e-01
1.441954672336578369e-01
4.734629765152931213e-02
3.306704759597778320e-02
1.305860131978988647e-01
4.681559801101684570e-01
9.710136801004409790e-02
1.243344992399215698e-01
1.400512605905532837e-01
1.557340472936630249e-01
2.720938995480537415e-02
2.444960363209247589e-02
1.304813772439956665e-01
1.349116116762161255e-01
1.113663613796234131e-01
2.336722984910011292e-02
6.187025830149650574e-02
3.085797429084777832e-01
1.167843937873840332e-01
1.167843937873840332e-01
1.068090647459030151e-01
1.349664628505706787e-01
1.434638500213623047e-01
1.269505918025970459e-01
1.758263856172561646e-01
2.020896598696708679e-02
7.768239080905914307e-02
1.776225119829177856e-01
1.876298934221267700e-01
2.482824772596359253e-01
1.700517088174819946e-01
2.428826242685317993e-01
1.685505956411361694e-01
5.837905779480934143e-02
8.413214981555938721e-02
2.604828476905822754e-01
6.636874377727508545e-02
1.043469235301017761e-01
1.230869218707084656e-01
1.742183715105056763e-01
1.371647417545318604e-01
1.420550644397735596e-01
1.284815818071365356e-01
8.857654780149459839e-02
8.675581216812133789e-02
1.575528830289840698e-01
1.953357607126235962e-01
1.335525661706924438e-01
2.181963622570037842e-01
1.676825284957885742e-01
1.539945155382156372e-01
5.647206306457519531e-01
4.408394992351531982e-01
1.638548523187637329e-01
1.523536741733551025e-01
1.272465102374553680e-03
2.160450667142868042e-01
1.421117931604385376e-01
3.615175187587738037e-01
1.954380571842193604e-01
1.112363263964653015e-01
2.306224852800369263e-01
1.026392579078674316e-01
4.199179112911224365e-01
1.988087296485900879e-01
2.283876985311508179e-01
2.189121097326278687e-01
9.546802937984466553e-02
2.076166123151779175e-01
2.003680355846881866e-02
1.534888148307800293e-01
7.922933250665664673e-02
3.086847066879272461e-02
1.692265272140502930e-01
8.947101980447769165e-02
8.536954224109649658e-02
1.640881597995758057e-01
4.394952356815338135e-01
2.745493352413177490e-01
1.763882189989089966e-01
1.457708328962326050e-01
2.473505735397338867e-01
6.012379750609397888e-02
1.552688628435134888e-01
3.484055697917938232e-01
1.155798509716987610e-01
3.865434601902961731e-02
1.999497860670089722e-01
1.692584455013275146e-01
1.119908317923545837e-01
1.282019466161727905e-01
2.325812578201293945e-01
2.853271737694740295e-02
3.723534643650054932e-01
1.648437380790710449e-01
4.214928150177001953e-01
2.202743887901306152e-01
2.293310612440109253e-01
2.098560929298400879e-01
6.852204352617263794e-02
2.223853319883346558e-01
5.305880308151245117e-02
1.892528533935546875e-01
1.056640408933162689e-02
3.064852654933929443e-01
4.948855191469192505e-02
7.714671082794666290e-03
1.532173752784729004e-01
1.440082788467407227e-01
1.108192875981330872e-01
2.781591117382049561e-01
4.193726181983947754e-01
7.473220825195312500e-01
9.857694059610366821e-02
1.576927602291107178e-01
4.227921068668365479e-01
3.630065619945526123e-01
2.690040171146392822e-01
2.048322111368179321e-01
2.077800184488296509e-01
1.870920136570930481e-02
2.196543663740158081e-01
3.057971596717834473e-01
5.633764266967773438e-01
2.264101654291152954e-01
2.898862361907958984e-01
1.883487105369567871e-01
7.623045146465301514e-02
1.806804686784744263e-01
2.197226881980895996e-01
2.055524289608001709e-01
2.579131722450256348e-01
2.295340895652770996e-01
2.883094847202301025e-01
5.739804506301879883e-01
3.648067414760589600e-01
2.184788733720779419e-01
3.041247837245464325e-02
3.975322544574737549e-01
2.128431648015975952e-01
2.538947761058807373e-01
2.881684601306915283e-01
4.500964581966400146e-01
2.935662567615509033e-01
1.899728178977966309e-01
1.929756551980972290e-01
3.278926908969879150e-01
3.079493343830108643e-01
3.372379541397094727e-01
2.582479715347290039e-01
2.353885918855667114e-01
6.784557551145553589e-02
2.967599034309387207e-01
1.836096197366714478e-01
2.705419957637786865e-01
1.883704215288162231e-01
2.413517236709594727e-01
3.730129599571228027e-01
2.416940778493881226e-01
1.788742840290069580e-01
2.895333468914031982e-01
4.052078127861022949e-01
4.545666873455047607e-01
2.695723772048950195e-01
1.806215196847915649e-01
1.890904456377029419e-01
2.313907295465469360e-01
2.525198161602020264e-01
2.590077817440032959e-01
2.174953520298004150e-01
2.354066073894500732e-01
5.450592041015625000e-01
3.484613895416259766e-01
2.323838025331497192e-01
2.080672681331634521e-01
3.060071766376495361e-01
2.680756449699401855e-01
4.142073988914489746e-01
1.706725209951400757e-01
3.394914865493774414e-01
4.975351691246032715e-01
2.020934522151947021e-01
3.202638030052185059e-01
1.637908667325973511e-01
3.895174860954284668e-01
3.528901636600494385e-01
3.189035654067993164e-01
5.321445688605308533e-02
2.885369658470153809e-01
7.178281992673873901e-02
4.278759062290191650e-01
9.017310291528701782e-02
1.342574805021286011e-01
1.806158423423767090e-01
1.479057222604751587e-01
3.756412565708160400e-01
3.928051292896270752e-01
1.539629697799682617e-01
4.063864052295684814e-01
3.688925206661224365e-01
3.169089853763580322e-01
2.732298672199249268e-01
3.679431676864624023e-01
3.991589844226837158e-01
2.221841216087341309e-01
6.119757294654846191e-01
5.817274451255798340e-01
9.019266068935394287e-02
2.982807457447052002e-01
2.939767763018608093e-02
2.614313662052154541e-01
3.679469525814056396e-01
3.735990524291992188e-01
4.207289516925811768e-01
3.139306306838989258e-01
1.887524425983428955e-01
4.340888857841491699e-01
1.470595151185989380e-01
5.580377578735351562e-01
1.140812784433364868e-01
3.085121512413024902e-01
3.152721822261810303e-01
1.920347362756729126e-01
4.055831134319305420e-01
3.041585162281990051e-02
4.458343088626861572e-01
3.503020703792572021e-01
2.959113419055938721e-01
3.379025459289550781e-01
1.765056252479553223e-01
4.099834263324737549e-01
1.706307530403137207e-01
3.398495316505432129e-01
3.557904362678527832e-01
3.603279292583465576e-01
1.681902855634689331e-01
2.594989538192749023e-01
5.167398452758789062e-01
3.731103539466857910e-01
1.065821871161460876e-01
4.412801265716552734e-01
2.220634669065475464e-01
4.163073599338531494e-01
2.922766506671905518e-01
3.412074148654937744e-01
3.039897680282592773e-01
4.665173888206481934e-01
1.810520142316818237e-01
3.428921401500701904e-01
2.728001773357391357e-01
5.049630403518676758e-01
2.523996531963348389e-01
4.642035663127899170e-01
3.292077183723449707e-01
1.446034610271453857e-01
6.121356487274169922e-01
1.346762925386428833e-01
5.839741230010986328e-01
4.329949319362640381e-01
3.844889700412750244e-01
5.396714806556701660e-01
2.325649708509445190e-01
5.581718683242797852e-01
2.835776507854461670e-01
6.149947643280029297e-01
6.002527475357055664e-01
4.658886194229125977e-01
3.661824464797973633e-01
4.180229306221008301e-01
4.392550289630889893e-01
3.423114717006683350e-01
2.274904847145080566e-01
4.608047194778919220e-03
4.058410525321960449e-01
4.508779644966125488e-01
2.151294648647308350e-01
5.093870162963867188e-01
2.807437181472778320e-01
3.877893090248107910e-01
2.389757186174392700e-01
2.365454137325286865e-01
5.170262455940246582e-01
2.442680150270462036e-01
3.797764182090759277e-01
2.840615212917327881e-01
9.346855282783508301e-01
4.482111632823944092e-01
4.716954827308654785e-01
4.333104491233825684e-01
4.820036292076110840e-01
2.781324684619903564e-01
4.112863242626190186e-01
4.757944345474243164e-01
3.987015485763549805e-01
4.647561609745025635e-01
6.911323666572570801e-01
5.702223181724548340e-01
2.909009158611297607e-01
3.275869786739349365e-01
4.704001247882843018e-01
4.451933801174163818e-01
1.375532895326614380e-01
4.256073534488677979e-01
5.738667845726013184e-01
2.803733944892883301e-01
6.617063879966735840e-01
5.330071449279785156e-01
5.493892431259155273e-01
8.643699437379837036e-02
5.193648338317871094e-01
2.075380086898803711e-01
4.935566782951354980e-01
4.057964384555816650e-01
3.148373067378997803e-01
5.240545272827148438e-01
6.097637414932250977e-01
6.265128254890441895e-01
5.380677580833435059e-01
7.052602171897888184e-01
5.719553828239440918e-01
5.643772482872009277e-01
4.508953094482421875e-01
2.609393000602722168e-01
5.670881867408752441e-01
2.670577764511108398e-01
6.811470389366149902e-01
4.678273797035217285e-01
5.406205058097839355e-01
4.965318739414215088e-01
7.772093415260314941e-01
4.489651322364807129e-01
1.353154629468917847e-01
4.405416846275329590e-01
3.783885836601257324e-01
5.811718702316284180e-01
4.364579916000366211e-01
6.510133743286132812e-01
4.401921629905700684e-01
5.357965230941772461e-01
4.865855276584625244e-01
7.021011710166931152e-01
6.487944126129150391e-01
5.429863929748535156e-01
5.419780015945434570e-01
5.419780015945434570e-01
5.419780015945434570e-01
5.419780015945434570e-01
5.188930630683898926e-01
4.886848628520965576e-01
5.490621924400329590e-01
6.815001964569091797e-01
4.835401475429534912e-01
4.735527932643890381e-01
4.221277832984924316e-01
5.483540892601013184e-01
7.816235423088073730e-01
4.857501685619354248e-01
5.388121008872985840e-01
6.146591901779174805e-01
5.184335708618164062e-01
6.629819273948669434e-01
4.865882992744445801e-01
4.686823487281799316e-01
6.703245043754577637e-01
8.373374938964843750e-01
5.326337218284606934e-01
6.906343102455139160e-01
4.936267435550689697e-01
6.824059486389160156e-01
6.190896034240722656e-01
7.266515493392944336e-01
3.424692749977111816e-01
5.650438666343688965e-01
5.927816033363342285e-01
5.196064710617065430e-01
6.152886748313903809e-01
4.148195981979370117e-01
8.045136332511901855e-01
4.155996143817901611e-01
5.401628613471984863e-01
4.188591539859771729e-01
5.442284345626831055e-01
5.164625644683837891e-01
4.606914520263671875e-01
5.880174040794372559e-01
5.337540507316589355e-01
6.191330552101135254e-01
5.656684041023254395e-01
6.898100376129150391e-01
6.640814542770385742e-01
5.147634744644165039e-01
5.023603439331054688e-01
5.279065370559692383e-01
4.962458908557891846e-01
4.913561940193176270e-01
5.952485203742980957e-01
6.232637166976928711e-01
6.322022080421447754e-01
2.541901171207427979e-01
7.983401417732238770e-01
4.073844850063323975e-01
6.162256002426147461e-01
5.954374074935913086e-01
5.712066888809204102e-01
6.334272027015686035e-01
5.817682147026062012e-01
5.731064081192016602e-01
4.432404935359954834e-01
5.892230868339538574e-01
5.892230868339538574e-01
7.255140542984008789e-01
3.835493624210357666e-01
3.640851378440856934e-01
4.604919254779815674e-01
3.817020952701568604e-01
7.029720544815063477e-01
4.463723599910736084e-01
3.607763946056365967e-01
5.150403380393981934e-01
6.338989734649658203e-01
6.188130974769592285e-01
8.554394841194152832e-01
5.847284793853759766e-01
5.391663908958435059e-01
7.494528889656066895e-01
1.360301114618778229e-02
4.989370703697204590e-01
6.636158823966979980e-01
6.831991672515869141e-01
5.367095470428466797e-01
5.781908631324768066e-01
7.289716601371765137e-01
5.609292984008789062e-01
5.390059351921081543e-01
5.896387100219726562e-01
6.953767538070678711e-01
6.442763209342956543e-01
6.845003366470336914e-01
5.855947732925415039e-01
8.911343216896057129e-01
7.390341758728027344e-01
5.907304286956787109e-01
8.028155565261840820e-01
6.801176667213439941e-01
6.862301826477050781e-01
6.083491444587707520e-01
5.775648355484008789e-01
5.562599301338195801e-01
6.153990030288696289e-01
5.836563706398010254e-01
6.443214416503906250e-01
5.881044864654541016e-01
5.714067816734313965e-01
6.259164810180664062e-01
7.481359839439392090e-01
6.306566596031188965e-01
6.802627444267272949e-01
8.114662170410156250e-01
6.710600256919860840e-01
6.730517148971557617e-01
6.223189830780029297e-01
6.338344812393188477e-01
6.343613266944885254e-01
7.157823443412780762e-01
4.506153762340545654e-01
6.489953994750976562e-01
6.623205542564392090e-01
7.165597081184387207e-01
5.728732347488403320e-01
7.624954581260681152e-01
5.363201498985290527e-01
8.666595816612243652e-01
6.763177514076232910e-01
7.017457485198974609e-01
5.739049315452575684e-01
4.368782639503479004e-01
7.779066562652587891e-01
6.143732666969299316e-01
6.709814071655273438e-01
5.599560737609863281e-01
7.953692674636840820e-01
6.347856521606445312e-01
6.122172474861145020e-01
6.617982387542724609e-01
6.856315135955810547e-01
4.662408828735351562e-01
6.765573024749755859e-01
6.566021442413330078e-01
6.599368453025817871e-01
6.836139559745788574e-01
6.963201761245727539e-01
6.163358092308044434e-01
7.862976789474487305e-01
7.249827384948730469e-01
8.003178834915161133e-01
6.668912768363952637e-01
7.285959720611572266e-01
7.099684476852416992e-01
6.700553894042968750e-01
6.637255549430847168e-01
6.386000514030456543e-01
7.318391203880310059e-01
5.357766747474670410e-01
6.552136540412902832e-01
5.449059605598449707e-01
7.608107328414916992e-01
7.559909224510192871e-01
7.263906598091125488e-01
7.912821173667907715e-01
7.083505988121032715e-01
8.384197354316711426e-01
6.316032409667968750e-01
8.000161051750183105e-01
4.425437152385711670e-01
8.496521711349487305e-01
7.231308221817016602e-01
7.743893265724182129e-01
7.574383616447448730e-01
7.791789174079895020e-01
6.852453947067260742e-01
8.257105350494384766e-01
7.011490464210510254e-01
8.204061985015869141e-01
9.805105328559875488e-01
6.821431517601013184e-01
8.165183067321777344e-01
6.741346120834350586e-01
7.033541202545166016e-01
7.601570487022399902e-01
6.403962969779968262e-01
7.111692428588867188e-01
8.720460534095764160e-01
7.058975696563720703e-01
7.245560288429260254e-01
6.913942694664001465e-01
6.383140087127685547e-01
7.482085824012756348e-01
2.929740957915782928e-02
6.861072778701782227e-01
6.564700603485107422e-01
7.661659121513366699e-01
8.772201538085937500e-01
7.272384762763977051e-01
9.148250222206115723e-01
7.456122636795043945e-01
8.949191570281982422e-01
7.155809998512268066e-01
8.282290101051330566e-01
6.931363940238952637e-01
7.301340699195861816e-01
7.500964403152465820e-01
7.851144075393676758e-01
8.523418903350830078e-01
7.657151222229003906e-01
8.063763380050659180e-01
8.507806658744812012e-01
8.137426972389221191e-01
7.214474081993103027e-01
7.611514329910278320e-01
1.913392841815948486e-01
6.431253552436828613e-01
9.030785560607910156e-01
7.689065933227539062e-01
7.311525940895080566e-01
8.390564918518066406e-01
7.370933294296264648e-01
8.386615514755249023e-01
8.735038042068481445e-01
8.320810794830322266e-01
6.618669629096984863e-01
7.994768619537353516e-01
8.611260652542114258e-01
9.175044894218444824e-01
7.976481318473815918e-01
7.621381282806396484e-01
7.329801321029663086e-01
6.968111395835876465e-01
7.729513049125671387e-01
6.779856681823730469e-01
7.182031273841857910e-01
6.178591251373291016e-01
7.671134471893310547e-01
7.548491358757019043e-01
8.251639008522033691e-01
8.253351449966430664e-01
9.017350673675537109e-01
7.438807487487792969e-01
8.066608905792236328e-01
8.194350004196166992e-01
6.430479288101196289e-01
8.091496229171752930e-01
9.079473018646240234e-01
7.606328725814819336e-01
8.265636563301086426e-01
8.845933079719543457e-01
7.962460517883300781e-01
7.866500020027160645e-01
8.622434735298156738e-01
7.908114194869995117e-01
8.072503805160522461e-01
8.085457682609558105e-01
7.813484072685241699e-01
7.447882890701293945e-01
7.693075537681579590e-01
7.551398277282714844e-01
8.988762497901916504e-01
8.206480145454406738e-01
7.851182222366333008e-01
6.355577111244201660e-01
9.413751363754272461e-01
8.538340330123901367e-01
7.609621286392211914e-01
9.649431705474853516e-01
8.437393903732299805e-01
7.924298644065856934e-01
7.752410769462585449e-01
8.923573493957519531e-01
8.405463695526123047e-01
8.344860672950744629e-01
8.833155035972595215e-01
8.656215667724609375e-01
9.269466996192932129e-01
9.238702654838562012e-01
9.695957303047180176e-01
8.931331038475036621e-01
8.793651461601257324e-01
8.902211189270019531e-01
7.086061835289001465e-01
7.940248847007751465e-01
8.343887925148010254e-01
7.993675470352172852e-01
7.876735925674438477e-01
9.353267550468444824e-01
7.506690621376037598e-01
9.177490472793579102e-01
5.904009938240051270e-01
7.350974082946777344e-01
8.188429474830627441e-01
8.192062973976135254e-01
8.434120416641235352e-01
8.197798728942871094e-01
8.904492259025573730e-01
7.693085670471191406e-01
7.946888208389282227e-01
9.468997716903686523e-01
7.612987756729125977e-01
8.323121666908264160e-01
7.283817529678344727e-01
7.787939906120300293e-01
8.542597889900207520e-01
7.903738021850585938e-01
8.551610112190246582e-01
7.772229313850402832e-01
8.691807985305786133e-01
7.292237877845764160e-01
7.073609828948974609e-01
8.682457208633422852e-01
9.270991086959838867e-01
9.530398249626159668e-01
8.754168748855590820e-01
9.259352684020996094e-01
8.864725232124328613e-01
7.582055926322937012e-01
9.713556766510009766e-01
8.943133354187011719e-01
8.745224475860595703e-01
9.547168612480163574e-01
7.519600987434387207e-01
8.815238475799560547e-01
8.365834355354309082e-01
9.204824566841125488e-01
7.686350941658020020e-01
7.950926423072814941e-01
9.405092597007751465e-01
8.163315057754516602e-01
8.760980963706970215e-01
9.079089164733886719e-01
8.985764384269714355e-01
8.021055459976196289e-01
8.593543171882629395e-01
8.860209584236145020e-01
8.631713390350341797e-01
7.270319461822509766e-01
8.581275939941406250e-01
8.622838854789733887e-01
8.553269505500793457e-01
8.344304561614990234e-01
8.737091422080993652e-01
9.189784526824951172e-01
8.452781438827514648e-01
8.247488737106323242e-01
9.087359905242919922e-01
8.710824847221374512e-01
9.156901240348815918e-01
9.332353472709655762e-01
9.503598809242248535e-01
8.769545555114746094e-01
8.633787631988525391e-01
9.038584232330322266e-01
9.475163817405700684e-01
9.243373274803161621e-01
8.665445446968078613e-01
8.525657057762145996e-01
8.942101597785949707e-01
8.510146737098693848e-01
8.453525900840759277e-01
8.959852457046508789e-01
7.971780300140380859e-01
7.959784269332885742e-01
9.515491724014282227e-01
8.060154914855957031e-01
9.095898866653442383e-01
8.282956480979919434e-01
9.166038632392883301e-01
9.215054512023925781e-01
7.960635423660278320e-01
9.493042826652526855e-01
8.552072048187255859e-01
8.846476078033447266e-01
8.729810714721679688e-01
8.893433809280395508e-01
7.103921175003051758e-01
8.876808285713195801e-01
8.700617551803588867e-01
9.197760820388793945e-01
7.235540747642517090e-01
8.844551444053649902e-01
8.773981332778930664e-01
8.640157580375671387e-01
8.710929751396179199e-01
9.070096015930175781e-01
8.613957762718200684e-01
8.923544287681579590e-01
9.641313552856445312e-01
8.236317634582519531e-01
8.450838923454284668e-01
8.681821823120117188e-01
8.010601401329040527e-01
9.218726754188537598e-01
8.531426787376403809e-01
8.927226662635803223e-01
8.419557213783264160e-01
9.162124991416931152e-01
9.670175313949584961e-01
8.584083914756774902e-01
9.057899713516235352e-01
8.865436315536499023e-01
8.660530447959899902e-01
8.074677586555480957e-01
8.736017346382141113e-01
8.637790083885192871e-01
7.271890640258789062e-01
9.362478256225585938e-01
8.515202403068542480e-01
8.923749327659606934e-01
9.029753804206848145e-01
8.922495245933532715e-01
8.816167712211608887e-01
9.306131005287170410e-01
9.125434756278991699e-01
7.642342448234558105e-01
9.244129061698913574e-01
8.572024703025817871e-01
8.791069984436035156e-01
9.384095072746276855e-01
8.846425414085388184e-01
9.480108618736267090e-01
9.351788163185119629e-01
8.868527412414550781e-01
9.306071400642395020e-01
8.646250963211059570e-01
8.426890373229980469e-01
9.430225491523742676e-01
9.560638070106506348e-01
7.674882411956787109e-01
9.258841872215270996e-01
9.462197422981262207e-01
9.220234155654907227e-01
9.587522745132446289e-01
8.670223951339721680e-01
8.977072238922119141e-01
8.941851854324340820e-01
8.965368866920471191e-01
9.542583227157592773e-01
9.531955718994140625e-01
7.793416380882263184e-01
8.696414828300476074e-01
9.842701554298400879e-01
8.859968781471252441e-01
7.279199957847595215e-01
9.661078453063964844e-01
9.875432252883911133e-01
9.188048839569091797e-01
9.035774469375610352e-01
8.802009224891662598e-01
8.841485977172851562e-01
9.290341734886169434e-01
8.910307288169860840e-01
9.725465774536132812e-01
7.913663387298583984e-01
9.128174781799316406e-01
9.141980409622192383e-01
9.092012643814086914e-01
9.042982459068298340e-01
9.364639520645141602e-01
8.804075717926025391e-01
9.421655535697937012e-01
9.345734715461730957e-01
9.533846974372863770e-01
9.136957526206970215e-01
9.145941138267517090e-01
9.255784153938293457e-01
9.636459350585937500e-01
9.475924968719482422e-01
9.006201028823852539e-01
8.752233386039733887e-01
8.873130679130554199e-01
9.035866856575012207e-01
9.506384730339050293e-01
8.977012634277343750e-01
9.214490652084350586e-01
8.985456228256225586e-01
9.456315040588378906e-01
9.429270625114440918e-01
9.242979288101196289e-01
8.607443571090698242e-01
9.359198212623596191e-01
9.639551639556884766e-01
9.030779600143432617e-01
8.124197125434875488e-01
9.509469270706176758e-01
9.342947006225585938e-01
9.422053694725036621e-01
9.160149097442626953e-01
9.372287988662719727e-01
9.322423934936523438e-01
9.468865394592285156e-01
9.463217854499816895e-01
9.585085511207580566e-01
8.883521556854248047e-01
9.536367058753967285e-01
9.269100427627563477e-01
9.401819705963134766e-01
9.207360744476318359e-01
9.187803864479064941e-01
9.133599996566772461e-01
9.078750014305114746e-01
8.815433382987976074e-01
9.806829690933227539e-01
8.406438827514648438e-01
9.193428158760070801e-01
9.230593442916870117e-01
9.768203496932983398e-01
9.576075077056884766e-01
9.188759922981262207e-01
9.170102477073669434e-01
9.165725708007812500e-01
9.529143571853637695e-01
9.727947115898132324e-01
9.749829173088073730e-01
9.285511374473571777e-01
9.717359542846679688e-01
9.741709828376770020e-01
9.396461248397827148e-01
9.079461693763732910e-01
9.329355955123901367e-01
9.705294370651245117e-01
9.782807826995849609e-01
8.934726119041442871e-01
9.107280969619750977e-01
9.151684641838073730e-01
8.922629952430725098e-01
9.420340657234191895e-01
8.154379129409790039e-01
9.418475031852722168e-01
9.453840255737304688e-01
9.427448511123657227e-01
9.466262459754943848e-01
9.192802906036376953e-01
9.443432688713073730e-01
9.226231575012207031e-01
9.464659094810485840e-01
9.084970951080322266e-01
9.534072279930114746e-01
9.560989737510681152e-01
9.410696029663085938e-01
7.855927348136901855e-01
9.413313865661621094e-01
9.800017476081848145e-01
9.258249998092651367e-01
9.060261249542236328e-01
7.961998581886291504e-01
6.736316680908203125e-01
8.875554800033569336e-01
9.704595804214477539e-01
9.926542043685913086e-01
9.488478302955627441e-01
8.942595720291137695e-01
8.861514925956726074e-01
9.160292148590087891e-01
9.632366895675659180e-01
9.407727122306823730e-01
9.692228436470031738e-01
9.254046678543090820e-01
9.866929650306701660e-01
9.650292992591857910e-01
9.575730562210083008e-01
9.401939511299133301e-01
9.503900408744812012e-01
9.582993984222412109e-01
9.509735703468322754e-01
9.238492250442504883e-01
9.544076919555664062e-01
9.671407938003540039e-01
7.843030095100402832e-01
9.547641277313232422e-01
9.734180569648742676e-01
9.540510177612304688e-01
9.670683145523071289e-01
9.883894920349121094e-01
9.750492572784423828e-01
9.535262584686279297e-01
9.503624439239501953e-01
9.354938268661499023e-01
9.280546307563781738e-01
9.601572751998901367e-01
9.256715774536132812e-01
9.646757245063781738e-01
9.365594983100891113e-01
9.542794823646545410e-01
9.800057411193847656e-01
9.507745504379272461e-01
9.805734753608703613e-01
9.752478599548339844e-01
9.545264840126037598e-01
9.823018312454223633e-01
9.741988182067871094e-01
9.696539044380187988e-01
9.505963921546936035e-01
9.639459848403930664e-01
9.665242433547973633e-01
9.544958472251892090e-01
9.436239004135131836e-01
9.464410543441772461e-01
9.694895148277282715e-01
9.804086685180664062e-01
9.749401211738586426e-01
9.666048884391784668e-01
9.598218798637390137e-01
9.648455977439880371e-01
9.480264186859130859e-01
9.338019490242004395e-01
9.715771675109863281e-01
9.825777411460876465e-01
9.625938534736633301e-01
9.733352661132812500e-01
9.455242753028869629e-01
9.577186703681945801e-01
9.303697347640991211e-01
9.591161012649536133e-01
9.346179366111755371e-01
9.674156308174133301e-01
9.646716117858886719e-01
9.792693257331848145e-01
9.756100177764892578e-01
9.307366013526916504e-01
9.527936577796936035e-01
9.668864011764526367e-01
9.723722934722900391e-01
9.698745608329772949e-01
9.768724441528320312e-01
9.652543067932128906e-01
9.694938063621520996e-01
7.195171117782592773e-01
9.557987451553344727e-01
9.599788188934326172e-01
9.539945721626281738e-01
9.855479001998901367e-01
9.516725540161132812e-01
9.561857581138610840e-01
9.660623073577880859e-01
9.947077035903930664e-01
9.607989788055419922e-01
9.223893284797668457e-01
9.638031125068664551e-01
9.716079831123352051e-01
9.481356143951416016e-01
9.897961020469665527e-01
9.861057996749877930e-01
9.890817403793334961e-01
9.747200012207031250e-01
9.673271775245666504e-01
9.697520136833190918e-01
9.709837436676025391e-01
9.665103554725646973e-01
9.850932359695434570e-01
9.636446833610534668e-01
9.736460447311401367e-01
9.596410393714904785e-01
9.789565205574035645e-01
9.676053524017333984e-01
9.791591167449951172e-01
9.762135744094848633e-01
9.718380570411682129e-01
9.731689095497131348e-01
9.861110448837280273e-01
9.854582548141479492e-01
9.706906676292419434e-01
9.798612594604492188e-01
9.337289929389953613e-01
9.653664827346801758e-01
9.749783277511596680e-01
9.826771616935729980e-01
9.683172702789306641e-01
9.693062305450439453e-01
9.838056564331054688e-01
9.598544836044311523e-01
9.771729707717895508e-01
9.622659087181091309e-01
9.664061069488525391e-01
9.821276068687438965e-01
9.809778928756713867e-01
9.768719077110290527e-01
9.639123082160949707e-01
9.776393175125122070e-01
9.776250123977661133e-01
9.848178029060363770e-01
9.787815213203430176e-01
9.855309724807739258e-01
9.681449532508850098e-01
9.834427237510681152e-01
9.860796332359313965e-01
9.582716822624206543e-01
9.767515659332275391e-01
9.781348705291748047e-01
9.601378440856933594e-01
9.798448085784912109e-01
9.834293127059936523e-01
9.251230955123901367e-01
9.666671752929687500e-01
9.823118448257446289e-01
9.724937081336975098e-01
9.782730340957641602e-01
9.797590970993041992e-01
9.663950800895690918e-01
9.846683144569396973e-01
9.821496605873107910e-01
9.915942549705505371e-01
9.701414108276367188e-01
9.936304688453674316e-01
9.859515428543090820e-01
9.739643931388854980e-01
9.734225273132324219e-01
9.777011871337890625e-01
9.747858047485351562e-01
9.811152219772338867e-01
9.844809770584106445e-01
9.838226437568664551e-01
9.855844378471374512e-01
9.685652256011962891e-01
9.693181514739990234e-01
9.882119297981262207e-01
9.746685028076171875e-01
9.753276705741882324e-01
9.769513010978698730e-01
9.808057546615600586e-01
9.816046953201293945e-01
9.810218811035156250e-01
9.718841314315795898e-01
9.724862575531005859e-01
9.787151813507080078e-01
9.571533799171447754e-01
9.882642030715942383e-01
9.807277917861938477e-01
9.831920266151428223e-01
9.816327095031738281e-01
9.912747144699096680e-01
9.796368479728698730e-01
9.887437820434570312e-01
9.783188700675964355e-01
9.851514697074890137e-01
9.859672188758850098e-01
9.829207062721252441e-01
9.835627675056457520e-01
9.911506175994873047e-01
9.788675308227539062e-01
9.845838546752929688e-01
9.925022125244140625e-01
9.931166172027587891e-01
9.889355301856994629e-01
9.829460382461547852e-01
9.907572865486145020e-01
9.864780902862548828e-01
9.847624301910400391e-01
9.836167097091674805e-01
9.848325848579406738e-01
9.776426553726196289e-01
9.633681178092956543e-01
9.901746511459350586e-01
9.862577915191650391e-01
9.924172163009643555e-01
9.854885935783386230e-01
9.876004457473754883e-01
9.926929473876953125e-01
9.944258928298950195e-01
9.768110513687133789e-01
9.931259155273437500e-01
9.915476441383361816e-01
9.755668640136718750e-01
9.918658137321472168e-01
9.911352396011352539e-01
9.933279752731323242e-01
9.798627495765686035e-01
9.916913509368896484e-01
9.849342107772827148e-01
9.948143959045410156e-01
9.858545660972595215e-01
9.961900711059570312e-01
9.795992374420166016e-01
9.904909133911132812e-01
9.895937442779541016e-01
9.881438612937927246e-01
9.835824966430664062e-01
9.900788068771362305e-01
9.859192371368408203e-01
9.764214754104614258e-01
9.935969114303588867e-01
9.919894337654113770e-01
9.889557957649230957e-01
9.895854592323303223e-01
9.874174594879150391e-01
9.888389706611633301e-01
9.961814880371093750e-01
9.882842302322387695e-01
9.927646517753601074e-01
9.934188723564147949e-01
9.876602292060852051e-01
9.875380992889404297e-01
9.915164709091186523e-01
9.874063134193420410e-01
9.912202954292297363e-01
9.887574315071105957e-01
9.885385632514953613e-01
7.876182198524475098e-01
9.956713914871215820e-01
9.891200065612792969e-01
9.973049163818359375e-01
9.858863353729248047e-01
9.950817823410034180e-01
9.898114204406738281e-01
9.934374690055847168e-01
9.885013103485107422e-01
9.959248304367065430e-01
9.903372526168823242e-01
9.957327246665954590e-01
9.877743124961853027e-01
9.890226125717163086e-01
9.897356033325195312e-01
9.920231103897094727e-01
9.971396923065185547e-01
9.938275218009948730e-01
9.945130348205566406e-01
9.917076230049133301e-01
9.929111599922180176e-01
9.925857186317443848e-01
9.934650063514709473e-01
9.602102637290954590e-01
9.950268864631652832e-01
9.941955208778381348e-01
9.923107624053955078e-01
9.964076876640319824e-01
9.955802559852600098e-01
9.969267249107360840e-01
9.963529109954833984e-01
9.978500604629516602e-01
9.964427351951599121e-01
9.943180680274963379e-01
9.944218993186950684e-01
9.930672645568847656e-01
9.696011543273925781e-01
9.630729556083679199e-01
9.885158538818359375e-01
9.947543144226074219e-01
9.957301020622253418e-01
9.973952770233154297e-01
9.973719120025634766e-01
9.843855500221252441e-01
9.965305924415588379e-01
9.952335953712463379e-01
9.980590939521789551e-01
9.955043196678161621e-01
9.965878725051879883e-01
9.955957531929016113e-01
9.974096417427062988e-01
9.978603720664978027e-01
9.959256649017333984e-01
9.974621534347534180e-01
9.968980550765991211e-01
9.981758594512939453e-01
9.989250302314758301e-01
9.972714781761169434e-01
9.984021782875061035e-01
9.980168342590332031e-01
9.988729357719421387e-01
9.993502497673034668e-01
